-5.73511546608797
-5.94156754811091
-6.36309719591514
-10.914184263239
-8.43151399012188
-4.74878472082322
-6.34414922318489
-6.14859067123691
-7.03815527796858
-6.13230909204435
-15.4335670364174
-5.9619799649603
-6.8670801133144
-10.4131279314929
-5.93582029571879
-6.34166012869937
-11.4219411176057
-7.21471289772917
-7.01010288378063
-9.07029944920538
-7.0315744897728
-5.43498040697147
-4.51125695038524
-10.1448053880212
-6.49156302342346
-7.7922288700732
-7.97722776678471
-7.55883884504732
-7.34960984540223
-12.7619742615903
-8.47362366630255
-6.81596272424993
-9.23451291028243
-7.73910132422254
-5.64141176572857
-7.55959869812801
-6.7263461124306
-7.39165044403012
-5.83061057764971
-6.21054402574901
-7.32666688753564
-8.2562642386941
-5.84921316261601
-11.9920588840459
-7.38631995953983
-7.01281072384999
-9.23701582027852
-7.92189204182988
-11.3327274581776
-6.3534470617904
-13.5676073390973
-7.34541683794789
-11.1600059451819
-9.52224624608806
-11.826710248518
-9.10195769164895
-7.71960763882526
-7.69957514851621
-4.30772454626021
-6.66822886468343
-6.34682712964804
-6.91082001974091
-5.22557641085931
-3.83968958733278
-8.89187443293436
-5.68801378542568
-4.59255201967849
-13.6809382747893
-5.01275307588406
-8.42564930589002
-6.72038471962484
-8.98092460882081
-6.72093964263225
-9.84793999973679
-4.51743939135993
-6.35264115700785
-6.23836616142765
-7.40314955398453
-6.31252321693262
-8.99337238383354
-5.68219515289568
-7.60658755212074
-9.79128028835349
-7.99974704899419
-9.02874009086193
-4.96361360741448
-6.02054391421551
-6.34895241568888
-4.76879418528134
-11.8606848915651
-6.62634484184187
-6.42444497054778
-6.81696434876538
-11.9207708495668
-10.0346013628854
-8.49487652671089
-6.10584317898547
-10.1921212090972
-6.75289261596773
-5.95187161640205
-6.97104873801836
-6.3702098812674
-4.46401711461737
-6.09565423994897
-7.18932689707892
-7.68228273446782
-12.9358217386965
-10.6938936448072
-5.85086181354259
-7.39586647733539
-6.29397128883837
-8.46316302222508
-8.39961397624354
-5.49028159314991
-6.94837748519274
-7.23937818924533
-8.92320110312455
-5.45562538491526
-7.68370573205529
-5.49925016208712
-7.4966621397812
-7.75275104865381
-4.98451186971849
-5.77415809892477
-6.6563429204334
-6.52961324208519
-9.05751779935417
-7.23897523685405
-5.91445921381109
-6.70972835581446
-5.62366113724668
-8.20954708974235
-6.10697144568104
-7.6006837239423
-12.9549930621807
-11.2854530836333
-5.43283209507971
-8.96671765879704
-8.08032831690861
-6.6112168577809
-11.4911337996501
-4.62186623049739
-5.4642554738438
-5.57407266468396
-6.05841913641017
-5.67062696538848
-5.62518314599315
-5.31155263564662
-5.48670567850049
-12.0322666249398
-11.1686176134297
-5.02035851444622
-6.40276152672706
-8.97018995711728
-6.93247352995543
-7.54654073806564
-8.38801815771522
-5.571102329914
-5.84167449902155
-8.70621239171607
-7.55396427240545
-5.67475319787513
-8.72097196216216
-10.4212882930625
-6.81019014342179
-7.77574005822227
-7.95973502783323
-9.73817576835377
-6.8206070383825
-10.5050931801071
-8.60875087248491
-7.76860664960417
-9.38699700289578
-8.48840856518467
-9.20494771768839
-6.04977983714125
-5.50575496497483
-7.32959347318883
-8.04171166231401
-6.47790178606673
-4.57666418253683
-7.34693193893908
-8.60992288829724
-5.22069262787707
-9.83789151839097
-6.51386125746402
-5.85228250854497
-6.24843766862441
-8.31693965847959
-7.55338171837692
-5.27591552616235
-5.63479413617131
-10.7484833321919
-7.81181235628911
-7.85795385896762
-6.76399568128615
-9.12423980759386
-7.50580340260039
-7.33024510477015
-7.21577208687195
-9.84304700641418
-5.01505335839196
-5.94930653660846
-7.44090504175435
-7.90703115763969
-6.5151806387223
-4.89233708586084
-5.19933845372465
-5.7503539742334
-7.63553795449495
-10.5917003132099
-6.37980935852009
-6.63841269031425
-8.54003712813978
-9.6760151811833
-7.11423038685601
-5.88420554827424
-13.1080712217481
-7.10614370800941
-8.11527695345008
-6.74040109183824
-5.48374915924109
-8.3928558889956
-6.54918061020545
-11.3251128092751
-13.0931458651753
-7.26370960592299
-8.6908518465607
-6.38571088411343
-7.49745883422338
-11.4163849797763
-6.00810074437297
-4.07523022683551
-6.01862816341814
-8.90595243819293
-8.89354150454169
-10.6523987588463
-8.88556995494974
-8.89465365314161
-8.32238757480961
-8.11390000756447
-15.359449124859
-9.15033039928257
-9.57882766957821
-9.59954863283006
-7.02639137072847
-11.24847817221
-7.87956822523555
-8.25456262831038
-8.29783280737792
-7.37479321856431
-8.11507432596189
-8.76621085148421
-7.85107373470975
-7.69994356213109
-10.1656023365812
-7.51228748222226
-7.61230947607683
-6.90660628902073
-7.8396206764572
-12.3114389493696
-7.33767324428015
-7.01093181441411
-7.47318958734322
-12.7203020765773
-7.9921853595488
-3.6651950838155
-10.2899994962302
-5.89127218192464
-7.32167027788384
-8.09472177632492
-7.96297246247398
-7.31181981885601
-5.77372981809748
-9.97912518023994
-7.04155159098074
-5.38628764000993
-6.82659375962428
-7.64269899413416
-8.55767262736702
-7.05939202028126
-7.34785527556137
-9.30759926371916
-8.00746070905572
-5.23950474808684
-8.599517506262
-6.32788145950289
-7.78629741087364
-8.64656853005224
-6.47491072803093
-9.27274042799632
-9.37523539824077
-10.0856197407909
-4.13382180711184
-9.21027359700849
-7.90289801739777
-5.51407650750091
-10.1735646758327
-8.81133691413671
-6.77191427142095
-10.1232900329123
-11.6423054187605
-6.91782218100871
-11.2842396212893
-6.91571301306352
-5.34010469079975
-6.50472690240011
-6.65158577963127
-7.69738769267786
-5.21527694773835
-5.43471791227087
-3.6559294814013
-9.24046739533292
-5.05115098489483
-6.25184319197695
-9.25823183932537
-8.55442137721571
-11.6903143179494
-8.1841910226983
-5.86094253107972
-8.95684187133319
-5.65586739494239
-5.43081733312334
-7.61076904664962
-8.14442768072738
-7.01479555220015
-7.81064494564696
-7.21701778540726
-8.57683704309601
-6.77299188124448
-5.59741166718655
-6.41354453271755
-12.8685194790133
-7.61840902398817
-7.83834274173059
-7.51581043741454
-7.86087814203572
-13.5917061946805
-8.74089853355693
-13.6163991172178
-6.232828444279
-4.87181414492699
-12.2084512259153
-6.58958867600241
-8.11288226495336
-5.17404455647811
-5.57989359979905
-6.92515130935971
-11.7542455930564
-7.17825146278161
-8.7985230280942
-7.71027065627317
-10.3796667649215
-8.36077627348001
-14.3608594165592
-7.97709421684932
-7.28916007895586
-5.90858992440905
-6.06233583365335
-9.33607763614931
-5.12860994742315
-11.521438122059
-5.92614943832822
-11.0718330542159
-3.96201672298318
-5.11974038964494
-5.3192156388361
-5.61918260924081
-5.45611123036988
-5.0290093266406
-3.3565842089717
-6.3140728567002
-5.66054164268117
-5.67461043759936
-7.95607391753537
-6.3690263525296
-6.24856431080452
-7.66825078091112
-5.65717296069012
-7.41665882072512
-4.02911635517812
-6.28796154174565
-5.70034182601357
-13.2448309607614
-4.83409549851865
-5.62377166133115
-3.86676798802639
-5.36661895814557
-6.14560882354148
-9.99906786973036
-6.35430592603009
-4.64927159827421
-5.49516537613215
-5.85373313715356
-5.57581572159936
-7.26888351462695
-8.53242017665216
-4.71817645718205
-7.80012673694217
-9.26674910158435
-6.60581038798255
-7.61722779783546
-10.3826186790108
-5.86050734249714
-8.30626026881828
-8.93136146469412
-9.16363473594989
-6.88301169957282
-6.42172101238277
-6.3912094573155
-5.03869630212682
-6.48944234255282
-6.1932239806795
-10.3520564670714
-4.94628895717479
-14.5019434103771
-5.43266861153811
-5.77882313632318
-6.01803870163433
-9.13140545240326
-11.6994624885239
-7.36058396595544
-7.56082827856767
-8.86117636847457
-7.9273744969363
-8.39103914935723
-5.40371820916389
-12.4809621716711
-7.47798126692174
-7.43207923309291
-7.36226485307333
-10.69928860168
-6.5009828990389
-9.81111015117435
-5.87088739609636
